1	89
2	93
3	140
4	160
5	160
6	183
7	204
8	320
9	361
10	460
11	489
12	543
13	582
14	606
15	645
16	671
17	679
18	695
19	782
20	911
21	985
22	1204
23	1230
24	1277
25	1280
26	1362
27	1530
28	1569
29	1571
30	1574
31	1584
32	1624
33	1820
34	1973
35	1976
36	1986
37	2019
38	2090
39	2109
40	2125
41	2132
42	2167
43	2183
44	2224
45	2321
46	2388
47	2401
48	2518
49	2599
50	2622
51	2642
52	2644
53	2654
54	2679
55	2845
56	2852
57	2882
58	2931
59	2959
60	2971
61	3065
62	3305
63	3324
64	3340
65	3476
66	3523
67	3534
68	3559
69	3562
70	3625
71	3645
72	3674
73	3737
74	3838
75	3862
76	4067
77	4189
78	4213
79	4309
80	4407
81	4502
82	4511
83	4566
84	4624
85	4636
86	4641
87	4652
88	4665
89	4672
90	4677
91	4685
92	4695
93	4750
94	4788
95	4823
96	4853
97	4856
98	4918
99	4950
100	4964
